# 11x11 averaging kernel
0.00826446 0.00826446 0.00826446 0.00826446 0.00826446 0.00826446 0.00826446 0.00826446 0.00826446 0.00826446 0.00826446
0.00826446 0.00826446 0.00826446 0.00826446 0.00826446 0.00826446 0.00826446 0.00826446 0.00826446 0.00826446 0.00826446
0.00826446 0.00826446 0.00826446 0.00826446 0.00826446 0.00826446 0.00826446 0.00826446 0.00826446 0.00826446 0.00826446
0.00826446 0.00826446 0.00826446 0.00826446 0.00826446 0.00826446 0.00826446 0.00826446 0.00826446 0.00826446 0.00826446
0.00826446 0.00826446 0.00826446 0.00826446 0.00826446 0.00826446 0.00826446 0.00826446 0.00826446 0.00826446 0.00826446
0.00826446 0.00826446 0.00826446 0.00826446 0.00826446 0.00826446 0.00826446 0.00826446 0.00826446 0.00826446 0.00826446
0.00826446 0.00826446 0.00826446 0.00826446 0.00826446 0.00826446 0.00826446 0.00826446 0.00826446 0.00826446 0.00826446
0.00826446 0.00826446 0.00826446 0.00826446 0.00826446 0.00826446 0.00826446 0.00826446 0.00826446 0.00826446 0.00826446
0.00826446 0.00826446 0.00826446 0.00826446 0.00826446 0.00826446 0.00826446 0.00826446 0.00826446 0.00826446 0.00826446
0.00826446 0.00826446 0.00826446 0.00826446 0.00826446 0.00826446 0.00826446 0.00826446 0.00826446 0.00826446 0.00826446
0.00826446 0.00826446 0.00826446 0.00826446 0.00826446 0.00826446 0.00826446 0.00826446 0.00826446 0.00826446 0.00826446
